-39.999900
-29.999900
-39.999900
-19.999900
-19.999900
-19.999900
-19.999900
-19.999900
-19.999900
-29.999900
-5.999900
-9.999900
-3.999900
-5.999900
-9.999900
-3.999900
1.000100
1.000100
1.000100
1.000100
1.000100
1.000100
-2.666567
-1.333233
-2.666567
-1.666567
-0.333233
-0.333233
0.000100
0.000100
0.000100
0.000100
0.000100
0.000100
0.000100
0.000100
0.000100
0.000100
0.000100
0.000100
0.000100
0.000100
0.000100
0.000100
0.000100
0.000100
0.000100
0.000100
0.000100
0.000100
0.000100
0.000100
0.000100
0.000100
0.000100
0.000100
0.000100
0.000100
0.000100
0.000100
0.000100
0.000100
0.000100
0.000100
-0.000000
-0.000000
-0.000000
-0.000000
-0.000000
-0.000000
-0.000000
-0.000000
-0.000000
-0.000000
-0.000000
-0.000000
-0.000000
-0.000000
-0.000000
-0.000000
-0.000000
-0.000000
-0.000000
-0.000000
-0.000000
-0.000000
-0.000000
-0.000000
-0.000000
-0.000000
-0.000000
-0.000000
-0.000000
-0.000000
-0.000000
-0.000000
-0.000000
-0.000000
-0.000000
-0.000000
