25.379336
2.907157
2.419847
2.120287
1.606132
1.231132
1.169090
1.046210
0.973590
0.952799
0.913183
0.897899
0.871556
0.947651
0.848363
0.841823
0.897032
3.137629
0.830133
0.876053
0.794202
0.794874
3.859187
0.646709
0.867767
0.571295
0.523869
0.487302
0.507206
0.432755
0.416879
0.578457
0.367369
0.361883
0.316247
0.301999
0.291432
0.272844
0.252730
0.257647
0.181502
0.168468
0.162577
0.135815
0.120969
1.603539
0.126155
0.091335
0.136135
0.086878
0.073671
0.064595
0.057575
0.049554
0.035770
0.026180
0.021770
0.017277
0.017247
0.012939
0.012939
0.012937
0.012932
0.012928
0.012925
0.012965
0.012919
0.012913
0.012912
0.012911
0.008616
0.004308
0.004308
0.004308
0.004308
0.004308
0.004308
0.004308
0.004308
0.004308
0.004308
0.004308
0.004308
0.004308
0.004308
0.004308
0.004308
0.004308
0.004308
0.004308
0.004308
0.004308
0.004308
0.004308
0.004308
0.004308
0.004308
0.004308
0.004308
0.004308
0.004308
0.004308
0.004308
0.004308
0.004308
0.004308
0.004308
0.004308
0.004308
0.004308
0.004308
0.004308
0.004308
0.004308
0.004308
0.004308
0.004308
0.004308
0.004308
0.004308
0.004308
0.004308
0.004308
0.004308
0.004308
0.004308
0.004308
0.004308
0.004308
0.004308
0.004308
0.004308
0.004308
0.004308
0.004308
0.004308
0.004308
0.004308
0.004308
0.004308
0.004308
0.004308
0.004308
0.004308
0.004308
0.004308
0.004308
0.004308
0.004308
0.004308
0.004308
0.004308
0.004308
0.004308
0.004308
0.004308
0.004308
0.004308
0.004308
0.004308
0.004308
0.004308
0.004308
0.004308
0.004308
0.004308
0.004308
0.004308
0.004308
0.004308
0.004308
0.004308
0.004308
0.004308
0.004308
0.004308
0.004308
0.004308
0.004308
0.004308
0.004308
0.004308
0.004308
0.004308
0.004308
0.004308
0.004308
0.004308
0.004308
0.004308
0.004308
0.004308
0.004308
0.004308
0.004308
0.004308
0.004308
0.004308
0.004308
0.004308
