6.328322
6.054408
3.640039
3.606801
3.266850
3.249867
3.200434
3.188484
1.474680
1.465644
1.084668
1.077535
1.021206
1.015352
1.007474
1.002535
0.998673
0.994428
0.991408
0.987701
0.985297
0.982019
0.980106
0.977171
0.975602
0.972951
0.971650
0.969237
0.968162
0.965949
0.965073
0.963034
0.962271
0.960382
0.959708
0.957949
0.957373
0.955730
0.955244
0.953703
0.953264
0.951813
0.951435
0.950066
0.949745
0.948449
0.948173
0.946943
0.946722
0.945554
0.945370
0.944257
0.944088
0.943027
0.942870
0.941855
0.941712
0.940740
0.940609
0.939676
0.939554
0.938658
0.938546
0.937684
0.937583
0.936753
0.936659
0.935859
0.935771
0.934998
0.934915
0.934168
0.934091
0.933369
0.933296
0.932598
0.932527
0.931850
0.931785
0.931129
0.931066
0.930429
0.930371
0.929753
0.929698
0.929097
0.929044
0.928460
0.928410
0.927842
0.927797
0.927244
0.927202
0.926664
0.926624
0.926099
0.926060
0.925549
0.925511
0.925013
0.924978
0.924491
0.924456
0.923981
0.923947
0.923483
0.923449
0.922996
0.922964
0.922521
0.922491
0.922058
0.922030
0.921605
0.921579
0.921164
0.921141
0.920735
0.920713
0.920315
0.920296
0.919906
0.919889
0.919507
0.919491
0.919117
0.919103
0.918736
0.918723
0.918363
0.918350
0.917998
0.917986
0.917639
0.917628
0.917288
0.917277
0.916944
0.916936
0.916608
0.916601
0.916279
0.916273
0.915957
0.915951
0.915640
0.915634
0.915329
0.915324
0.915024
0.915019
0.914724
0.914719
0.914429
0.914424
0.914139
0.914134
0.913853
0.913849
0.913572
0.913568
0.913296
0.913292
0.913024
0.913020
0.912757
0.912753
0.912493
0.912489
0.912233
0.912229
0.911978
0.911974
0.911726
0.911722
0.911477
0.911473
0.911232
0.911229
0.910991
0.910987
0.910753
0.910749
0.910518
0.910514
0.910287
0.910283
0.910058
0.910055
0.909833
0.909830
0.909611
0.909607
0.909392
0.909388
0.909175
0.909172
0.908962
0.908958
0.908751
