-13965151.720572
706472.389625
-765.701224
-28134.362557
-541.454969
474.731350
56.549214
124.399575
67.992686
-1.514049
65.619640
0.452083
83.948780
-3.458967
-1.621312
-3.618230
0.724871
35.705445
5.610704
0.150509
-13.588516
-13.931012
-73.293130
1.762371
20.462296
83.947311
6.906557
43.617995
24.983774
37.055805
-13.108067
2.664635
7.010084
10.876496
1.263024
-0.481340
-1.725491
3.791570
-7.933371
3.095324
1.032855
0.595079
-8.755389
1.149130
-1.521558
-1.476309
-0.233055
1.925135
-2.179333
-0.277842
0.744099
-0.462735
-10.574289
0.843090
0.193667
0.969493
-0.608747
1.848554
-0.634145
-1.183387
-1.101482
0.059246
11.527428
0.450170
-0.965176
0.547326
-3.003048
-0.810514
-0.307186
-10.210358
0.534683
4.674785
0.443211
0.072711
0.322145
10.495524
0.368410
-0.114110
-0.044747
-0.548683
-0.050698
-2.846191
-0.946347
1.301582
5.596535
1.275577
1.038795
-11.166482
0.227165
-0.530580
-0.221979
5.184759
1.743653
1.101431
38.098625
13.093482
0.580640
-1.141100
-0.187218
0.523514
0.334988
-1.811950
-0.200567
-0.878510
0.486575
-0.736139
2.651771
-0.492291
-0.350858
0.630378
-1.098742
-0.727436
-1.457280
-0.989411
1.047450
1.111455
0.721948
0.319299
0.524017
0.731650
0.221431
0.750828
0.732331
-0.840976
3.147335
0.516712
0.507509
0.226251
1.141863
0.975989
1.169535
1.047981
1.186188
1.194901
1.656903
0.770302
1.206461
0.794577
0.535220
0.698431
0.600165
-0.237282
1.352102
0.265284
0.683889
-0.230385
1.352070
-1.406019
-0.764250
0.122334
-0.521383
-1.696647
-2.464610
-3.284848
-9.295342
-0.197084
-14.562732
0.960556
-2.841724
0.161761
-6.897605
0.660759
-1.295752
-1.362336
-1.501939
-4.159505
1.372925
1.203668
0.629672
0.471715
0.359244
0.536134
0.178248
0.348776
0.731134
0.508663
0.567947
0.682667
0.347127
-0.807193
-4.388833
-9.964939
-11.113729
-11.583767
-11.494725
-11.545703
0.386223
-0.396209
0.625632
0.519701
0.512600
0.233257
0.543808
0.464698
0.431893
0.430902
0.417342
0.042608
0.298397
0.258356
